0.8109786
0.9989884
0.9977138
0.97587526
0.9999032
0.99953043
0.9994889
0.9953829
0.99340993
0.9417943
0.94619036
0.5689656
0.9003595
0.8792215
0.9388125
0.99967736
0.99903595
0.9512993
0.9990331
0.9289014
0.7183311
0.976601
0.96244156
0.9993274
0.999234
0.9997746
0.9372406
0.9993757
0.99995136
0.9869049
0.9981922
0.5573316
0.9668943
0.9990054
0.01689899
0.9999994
0.85242105
0.9983146
0.8845302
0.75339025
0.7631987
0.99442023
0.9968245
0.6485821
0.97848374
0.9964609
0.98459685
0.18420875
0.33498117
0.9995801
0.9447454
0.9700693
0.01288572
0.16262206
0.9996459
0.77460015
0.9275104
0.9499838
0.9973779
0.87303317
0.9586609
0.9260334
0.9987371
0.92546403
0.7427856
0.976092
0.45887884
0.7718018
0.9252384
0.87430847
0.99996173
0.8913493
0.999857
0.9957539
0.97644156
0.99973845
0.9888674
0.9986806
0.9971479
0.99256897
0.9729939
0.53245336
0.99456465
0.9243089
0.83963835
0.78615975
0.63967776
0.9896921
0.1132344
0.8159094
0.9916412
0.99741507
0.9553155
0.99755144
0.98512614
0.9972743
0.9992436
0.98429704
0.9986926
0.79840446
0.19375035
0.9996843
0.7597493
0.9996994
0.9992461
0.9153992
0.011202574
0.9835286
0.99469054
0.9617971
0.9856249
0.997815
0.55837345
0.80283165
0.9996538
0.99979246
0.9999809
0.9724196
0.99426687
0.7536944
0.9949187
0.9764741
0.9991387
0.9988984
0.9910164
0.94902503
0.5223754
0.9912158
0.9825815
0.92375857
0.79266524
0.99500155
0.9578601
0.9995768
0.9396466
0.9996038
0.9805083
0.6772659
0.6870891
0.56255466
0.99634695
0.9991866
0.9996953
0.9999403
0.999907
0.99840677
0.94329536
0.92158234
0.62878585
0.969338
0.3793569
0.9555955
0.14455691
0.98485905
0.9760933
0.998159
0.9997319
0.99977744
0.96767235
0.9629061
0.41446888
0.9862238
0.99302584
0.70000345
0.921852
0.9929372
0.955189
0.7862322
0.9743987
0.9312619
0.9990289
0.9985522
0.9972552
0.9977104
0.6401037
0.999784
0.99948895
0.90898144
0.9921509
0.9487027
0.81703115
0.99987054
0.9428242
0.89894927
0.9959299
0.99892306
0.60024047
0.9998268
0.61764455
0.8585405
0.8721646
0.99247396
0.9941329
0.9992733
0.26438433
0.99965805
0.99725014
0.9137386
0.8078839
0.48594612
0.9765258
0.9903063
0.93589175
0.99946976
0.9999582
0.99836993
0.98539996
0.9161851
0.94394267
0.9975556
0.99876845
0.7231791
0.9997699
0.996431
0.9527343
0.9977057
0.34937638
0.96010405
0.97698784
0.96852225
0.9915036
0.84032583
0.9738511
0.16230714
0.9999125
0.97760844
0.9719033
0.9684292
0.510778
0.9998213
0.8565086
0.9887519
0.67543703
0.9995507
0.888486
0.99965847
0.43033403
0.8529057
0.99399126
0.9997904
0.9602408
0.031711787
0.97337174
0.99097705
0.92626595
0.9999383
0.9873533
0.71081096
0.9999752
0.9998236
0.99971706
0.15835464
0.80657226
0.9972136
0.9929558
0.99857414
0.99265695
0.99933815
0.537669
0.9773037
0.99947786
0.9998548
0.9965666
0.9403688
0.52668476
0.99911326
0.9981261
0.9989819
0.9982754
0.9993037
0.9689113
0.9992295
0.99984
0.99386394
0.9993148
0.99949884
0.76798147
0.99705124
0.68179333
0.99991447
0.8561789
0.9910918
0.98746735
0.9995017
0.9225844
0.9646147
0.9973868
0.9959562
0.51975054
0.9955888
0.99930173
0.9906322
0.549259
0.9325583
0.9996644
0.9914545
0.9912464
0.9936489
0.99762225
0.00043323636
0.99013317
0.9950565
0.9995938
0.19140127
0.8488358
0.99622
0.9988928
0.9998883
0.999841
0.74604654
0.9882587
0.9995504
0.99567425
0.99954355
0.99973965
0.9999355
0.8821528
0.9979321
0.99929994
0.8338314
0.1911251
0.99985504
0.74995726
0.99797744
0.9722273
0.99991894
0.99835205
0.9649043
0.99542403
0.896464
0.98770875
0.8991145
0.9998064
0.8083894
0.9859128
0.027750552
0.95000577
0.9766069
0.5088066
0.99863166
0.44997716
0.99754643
0.99932694
0.99197316
0.91885936
0.9989323
0.9819428
0.9763845
0.99571246
0.13658392
0.008731812
0.99999523
0.99976796
0.97354
0.800544
0.9941608
0.88360405
0.9997978
0.98282295
0.9890727
0.3355755
0.08495504
0.999351
0.9987537
0.6828221
0.99990606
0.9800972
0.99814856
0.9926417
0.9935843
0.9094336
0.5434845
0.9894824
0.9999226
0.9503751
0.41857192
0.99955046
0.51716614
0.9892129
0.99625504
0.7981881
0.97924197
0.98849696
0.9993334
0.99980754
0.9944521
0.7635114
0.8928453
0.32684374
0.9950849
0.9889929
0.9305694
0.9997118
0.9997871
0.99965143
0.9993615
0.9916389
0.4270314
0.8090135
0.9970834
0.42832902
0.7659004
0.9912074
0.9989706
0.92568386
0.9959302
0.9997431
0.9999939
0.68237245
0.9688344
0.9445549
0.9953005
0.9937706
0.9989649
0.9997542
0.9934741
0.92296773
0.998955
0.8759718
0.6571977
0.98994315
0.9418286
0.8044446
0.85401773
0.9731816
0.82393396
0.8479464
0.9998029
0.99015224
0.27333882
0.9998767
0.99994445
0.9994929
0.9996826
0.9922802
0.9999809
0.9263569
0.5839994
0.9521841
0.6255325
0.99996996
0.9985696
0.9997986
0.9608631
0.23179308
0.94852936
0.8129785
0.9872792
0.9926046
0.017532468
0.8696566
0.9998504
0.9298908
0.99813044
0.41186243
0.98912203
0.9729236
0.9400301
0.9999373
0.46127987
0.69106054
0.5325387
0.9969106
0.9974575
0.9823489
0.95009446
0.95507
0.9994917
0.38791466
0.9159174
0.98883307
0.80728984
0.99836767
0.99972045
0.93448645
0.99980766
0.98253846
0.9971994
0.95814884
0.2525689
0.999542
0.03588313
0.99962354
0.9998429
0.9998152
0.9990692
0.98349714
0.9998335
0.9922692
0.99854827
0.9983618
0.99946487
0.9999125
0.9968999
0.9994226
0.98507476
0.95037663
0.99308074
0.8328111
0.78422236
0.1970017
0.98577785
0.99928415
0.9980587
0.99978137
0.9911391
0.9798701
0.9960058
0.99723715
0.99758804
0.71697545
0.9909347
0.43702152
0.98820704
0.9972096
0.9858156
0.9544269
0.9998615
0.6067488
0.9433793
0.9735624
0.9998424
0.99984366
0.99614066
0.997828
0.9998535
0.99859023
0.9309491
0.98623204
0.9999999
0.99821776
0.99987316
0.99937433
0.5689656
0.9421392
0.99970376
0.99834913
0.9994832
0.9672845
0.93004894
0.9992537
0.97158635
0.99949193
0.98958814
0.9855855
0.9958643
0.9897971
0.97947514
0.59830976
0.7610028
0.98137534
0.9997526
0.9987706
0.9991294
0.9890108
0.18875262
0.9992049
0.9904512
0.99027014
0.9918058
0.9677337
0.99923825
0.9680307
0.96256214
0.9976319
0.99874437
0.99463034
0.9899568
0.9998088
0.97269523
0.60559916
0.9863986
0.93560326
0.9969623
0.609437
0.9993085
0.99999046
0.99992824
0.9998723
0.9827249
0.9999795
0.9519774
0.99991363
0.99990684
0.9935841
0.46449065
0.39961803
0.9996644
0.9123168
0.99580705
0.9930168
0.99924004
0.9405408
0.9993166
0.8944142
0.9982847
0.96196437
0.99972534
0.9998253
0.6456411
0.9985454
0.99953043
0.9794564
0.9985015
0.9029671
0.9109994
0.97708106
0.99525493
0.9932709
0.98101074
0.9989513
0.6877518
0.6755362
0.9997127
0.99811685
0.9979708
0.9535447
0.99688494
0.8704001
0.97430885
0.92077404
0.99981415
0.46079782
0.9999063
0.99804777
0.954283
0.99254394
0.96909344
0.99626964
0.89880633
0.3276505
0.9986609
0.99947655
0.99896204
0.42010278
0.99980843
0.7947696
0.9991161
0.67899853
0.9843966
0.98893106
0.99972844
0.9999646
0.46624178
0.975786
0.88745445
0.9987098
0.834251
0.99971694
0.74308443
0.99736106
0.95138943
0.98904467
0.99788845
0.09946066
0.89469635
0.9978577
0.9883044
0.9985501
0.9912136
0.7172274
0.9999853
0.9993935
0.9619998
0.9982723
0.8522328
0.99186003
0.9998305
0.9999883
0.91961926
0.98965853
0.8651618
0.9983117
0.99898136
0.9993768
0.99364185
0.99052453
0.99926835
0.99965847
0.9949746
0.99850535
0.9977217
0.99997914
0.6107414
0.9998662
0.9832367
0.9963255
0.9999119
0.8926215
0.9999184
0.9871006
0.99899423
0.99073684
0.9993745
0.998312
0.99953264
0.99609756
0.96742636
0.97910726
0.6703082
0.9999874
0.9997138
0.89637667
0.9946468
0.9605002
0.979719
0.66525364
0.9999894
0.87555885
0.9768019
0.851153
0.9999945
0.988513
0.78856856
0.99989164
0.99658835
0.98673666
0.99984074
0.9997714
0.95507205
0.9973701
0.8911941
0.6828909
0.48311225
0.9765551
0.91326666
0.99905527
0.6002835
0.97066677
0.9814936
0.99954087
0.9991757
0.9997649
0.9983885
0.26262587
0.9994353
0.9958267
0.9818036
0.8809173
0.11665282
0.8512302
0.9997282
0.9973494
0.9835647
0.9852545
0.99988544
0.99485004
0.6825322
0.33765173
0.99773705
0.7781191
0.97778606
0.9984025
0.9995438
0.31169292
0.9999832
0.92992896
0.99734956
0.9860669
0.999989
0.99384665
0.9404352
0.8040685
0.9900816
0.9839878
0.9988662
0.2938596
0.72932243
0.9961854
0.9993983
0.9981617
0.96668196
0.99965286
0.72510326
0.9997214
0.833459
0.99983454
0.9667697
0.20911875
0.89460766
0.9965798
0.90956056
0.9991658
0.9824516
0.99876857
0.9995651
0.9753015
0.64065707
0.98568344
0.9957468
0.9935976
0.98931324
0.7772069
0.99506354
0.99990726
0.9998244
0.9987098
0.98597133
0.99851835
0.98833823
0.8423672
0.9805099
0.9981921
0.99991715
0.99467814
0.8221996
0.9955203
0.6512672
0.07893559
0.97899115
0.64273405
0.9872459
0.99781454
0.99823487
0.9763894
0.5812782
0.9499693
0.99914235
0.8837843
0.99993753
0.9998601
0.9997498
0.7935269
0.9999724
0.99468076
0.99970794
0.58674496
0.864895
0.42435142
0.32053053
0.9991576
0.99382234
0.9955275
0.414559
0.9684926
0.995415
0.99762094
0.22618774
0.84123695
0.99958956
0.8870367
0.23020741
0.99916434
0.8223159
0.965834
0.9172936
0.94336617
0.99995387
0.9688439
0.2917172
0.99906313
0.36218083
0.99576604
0.9221409
0.99997175
0.99978703
0.9968825
0.9835253
0.99860096
0.9441122
0.38218817
0.999811
0.99738914
0.94142675
0.9030998
0.8574108
0.98724544
0.99911356
0.9258294
0.9983825
0.9639677
0.99961877
0.7412959
0.9741162
0.83055663
0.9897858
0.9936526
0.99907225
0.99034274
0.996084
0.9854715
0.77392435
0.9991529
0.97470677
0.91326666
0.9979258
0.9379903
0.8838831
0.96324927
0.958325
0.99963486
0.98944306
0.99805164
0.9996741
0.9441095
0.9993725
0.9999615
0.9999815
0.9998698
0.9870136
0.9994019
0.99169576
0.9998964
0.9976574
0.99988955
0.9715009
0.9498565
0.98814267
0.89022183
0.5035663
0.9606827
0.99974334
0.9967611
0.54045373
0.9724536
0.9812132
0.9782975
0.9754032
0.9844843
0.45812306
0.96503264
0.79807913
0.9862571
0.9977546
0.6423636
0.99522436
0.78141344
0.925922
0.99377966
0.9985894
0.9650339
0.9965148
0.9759922
0.97720027
0.99997526
0.9931346
0.96748805
0.9151559
0.014747679
0.99996907
0.9997649
0.82994604
0.86182445
0.998312
0.9993408
0.14474708
0.26924875
0.9457048
0.8771083
0.92949164
0.9908556
0.74764305
0.9991186
0.99736285
0.9948648
0.9482435
0.32722914
0.9998902
0.98379195
