0.07415643334388733
0.0026381611824035645
0.0018750429153442383
0.07830086350440979
0.0023131370544433594
0.008645415306091309
0.023503988981246948
0.0019458234310150146
0.0006071329116821289
0.03469529747962952
0.02031007409095764
0.014601796865463257
0.021510392427444458
0.0020293593406677246
0.04963386058807373
0.004541069269180298
0.000513613224029541
0.0025880634784698486
0.011777043342590332
0.00011903047561645508
0.0022118687629699707
0.003284960985183716
0.0036997199058532715
0.07706230878829956
0.0003395378589630127
1.5795230865478516e-05
0.0026213526725769043
0.0022059082984924316
0.0010406076908111572
0.0008135437965393066
0.0009819865226745605
0.0012397468090057373
0.026479512453079224
0.005776494741439819
0.003009885549545288
0.0009743571281433105
0.0006126165390014648
0.0035012662410736084
8.174777030944824e-05
0.001241534948348999
0.0058057308197021484
0.015153110027313232
0.0002773404121398926
0.00036779046058654785
0.0017733275890350342
0.1644611656665802
0.011446714401245117
0.0006656646728515625
0.037146925926208496
0.00842711329460144
0.0004356205463409424
0.003945440053939819
0.0008952915668487549
0.0004030168056488037
0.002152860164642334
0.0015929043292999268
0.00011545419692993164
0.0008178353309631348
4.9114227294921875e-05
0.001148819923400879
0.0064941346645355225
0.008876234292984009
0.004828959703445435
0.06810185313224792
0.19657933712005615
0.01708582043647766
0.00027188658714294434
0.005471140146255493
0.003546297550201416
0.03372269868850708
0.0023401975631713867
0.0011613965034484863
0.0012494921684265137
0.0017515122890472412
0.001326829195022583
0.0015947818756103516
0.005627065896987915
0.006545126438140869
0.013829320669174194
0.0022033751010894775
0.0007368922233581543
3.215670585632324e-05
0.08612528443336487
0.002428978681564331
0.003893941640853882
0.004259437322616577
0.0008144676685333252
0.0009112060070037842
0.00019806623458862305
0.03967064619064331
0.00024586915969848633
0.0010256171226501465
0.00037086009979248047
0.0025682449340820312
0.0033065080642700195
0.2978561222553253
0.0009557604789733887
0.017055541276931763
0.003925800323486328
0.0012606680393218994
0.00039005279541015625
0.009180963039398193
0.02473926544189453
0.003279566764831543
0.00043442845344543457
0.001209557056427002
0.005171477794647217
3.725290298461914e-05
0.009931415319442749
0.0003669261932373047
0.000133514404296875
0.0010670125484466553
0.68443763256073
0.004141718149185181
0.002833724021911621
0.0015402138233184814
0.002162247896194458
0.004300743341445923
0.0026525557041168213
0.04044726490974426
0.0034613311290740967
0.0007639527320861816
0.0005111098289489746
0.00013384222984313965
0.003025829792022705
0.0027063488960266113
0.00010475516319274902
0.000810086727142334
0.0010358989238739014
0.005279093980789185
0.0012460052967071533
0.29762113094329834
0.009710103273391724
0.002614915370941162
0.0006870031356811523
0.0019870400428771973
0.0012656748294830322
4.273653030395508e-05
0.0003108084201812744
0.115041583776474
0.0010977387428283691
0.999751091003418
0.9973709583282471
0.9952292442321777
0.9987092018127441
0.9401822090148926
0.9997368454933167
0.9910564422607422
0.9976018667221069
0.9786079525947571
0.9994522333145142
0.5320752263069153
0.9921942949295044
0.9995730519294739
0.9977720975875854
0.9815420508384705
0.9982527494430542
0.9961109757423401
0.99592125415802
0.9869752526283264
0.06983566284179688
0.9999326467514038
0.9960252642631531
0.9996774196624756
0.9990298748016357
0.9996512532234192
0.9997037649154663
0.6656324863433838
0.9999722242355347
0.9986966848373413
0.9813228845596313
0.984734833240509
0.9995895624160767
0.9979537129402161
0.9995279312133789
0.9997320771217346
0.9805681109428406
0.9985145926475525
0.9998230934143066
0.9971081018447876
0.9993358850479126
0.9990729689598083
0.9937946796417236
0.9993358850479126
0.9993582963943481
0.9959845542907715
0.9409101605415344
0.9287158250808716
0.9977844953536987
0.999165952205658
0.98958420753479
0.8232988119125366
0.9756679534912109
0.9998757839202881
0.9815420508384705
0.9979414939880371
0.9958122968673706
0.9823950529098511
0.9946496486663818
0.993809700012207
0.9961360096931458
0.9993098974227905
0.9999710917472839
0.9993903636932373
0.9974765181541443
0.9966468811035156
0.9992263317108154
0.9977844953536987
0.993790864944458
0.99753338098526
0.9992364645004272
0.9999382495880127
0.9287158250808716
0.9992505311965942
0.9471670389175415
0.9971266984939575
0.9970784783363342
0.9874451160430908
0.950225830078125
0.9992431998252869
0.13449031114578247
0.9984142780303955
0.998227596282959
0.999989926815033
0.9215068817138672
0.9998957514762878
0.999984622001648
0.9998178482055664
0.8336162567138672
0.9947560429573059
0.9995689988136292
0.999987781047821
0.9896627068519592
0.9996683597564697
0.9799377918243408
0.9784485697746277
0.9986141920089722
0.9929351210594177
0.8061984777450562
0.9998645782470703
0.9999345541000366
0.9953128695487976
0.9927520155906677
0.994774580001831
0.9977284669876099
0.9932776689529419
0.9999487400054932
0.9859735369682312
0.9959383010864258
0.9981589317321777
0.8941900730133057
0.9998931884765625
0.9934942722320557
0.9996771812438965
0.9999951720237732
0.9534053206443787
0.9938691854476929
0.9934287071228027
0.9895894527435303
0.8281787633895874
0.9999957084655762
0.8840640783309937
0.9999922513961792
0.6871246695518494
0.9994751214981079
0.9955941438674927
0.9998018145561218
0.9979759454727173
